time_utc,sensor,value
2026-09-28 00:00,RAD,0.57
2026-09-28 00:01,RAD,0.57
2026-09-28 00:02,RAD,0.57
2026-09-28 00:03,RAD,0.58
2026-09-28 00:04,RAD,0.58
2026-09-28 00:05,RAD,0.58
2026-09-28 00:06,RAD,0.58
2026-09-28 00:08,RAD,0.59
2026-09-28 00:09,RAD,0.59
2026-09-28 00:10,RAD,0.6
2026-09-28 00:11,RAD,0.6
2026-09-28 00:12,RAD,0.61
2026-09-28 00:13,RAD,0.61
2026-09-28 00:14,RAD,0.61
2026-09-28 00:15,RAD,0.62
2026-09-28 00:16,RAD,0.62
2026-09-28 00:17,RAD,0.63
2026-09-28 00:18,RAD,0.63
2026-09-28 00:19,RAD,0.63
2026-09-28 00:20,RAD,0.64
2026-09-28 00:22,RAD,0.64
2026-09-28 00:23,RAD,0.65
2026-09-28 00:24,RAD,0.65
2026-09-28 00:25,RAD,0.66
2026-09-28 00:27,RAD,0.67
2026-09-28 00:28,RAD,0.67
2026-09-28 00:29,RAD,0.68
2026-09-28 00:30,RAD,0.68
2026-09-28 00:31,RAD,0.69
2026-09-28 00:32,RAD,0.69
2026-09-28 00:33,RAD,0.69
2026-09-28 00:34,RAD,0.7
2026-09-28 00:35,RAD,0.7
2026-09-28 00:36,RAD,0.7
2026-09-28 00:37,RAD,0.71
2026-09-28 00:38,RAD,0.71
2026-09-28 00:39,RAD,0.72
2026-09-28 00:40,RAD,0.72
2026-09-28 00:41,RAD,0.72
2026-09-28 00:42,RAD,0.73
2026-09-28 00:44,RAD,0.73
2026-09-28 00:45,RAD,0.74
2026-09-28 00:46,RAD,0.74
2026-09-28 00:47,RAD,0.74
2026-09-28 00:48,RAD,0.75
2026-09-28 00:49,RAD,0.75
2026-09-28 00:50,RAD,0.76
2026-09-28 00:52,RAD,0.76
2026-09-28 00:53,RAD,0.77
2026-09-28 00:54,RAD,0.77
2026-09-28 00:55,RAD,0.78
2026-09-28 00:56,RAD,0.78
2026-09-28 00:58,RAD,0.79
2026-09-28 00:59,RAD,0.79
2026-09-28 01:00,RAD,0.8
2026-09-28 01:01,RAD,0.8
2026-09-28 01:02,RAD,0.8
2026-09-28 01:03,RAD,0.81
2026-09-28 01:04,RAD,0.81
2026-09-28 01:05,RAD,0.82
2026-09-28 01:08,RAD,0.83
2026-09-28 01:09,RAD,0.83
2026-09-28 01:10,RAD,0.84
2026-09-28 01:11,RAD,0.84
2026-09-28 01:12,RAD,0.85
2026-09-28 01:13,RAD,0.85
2026-09-28 01:14,RAD,0.86
2026-09-28 01:15,RAD,0.86
2026-09-28 01:16,RAD,0.87
2026-09-28 01:17,RAD,0.87
2026-09-28 01:18,RAD,0.87
2026-09-28 01:19,RAD,0.88
2026-09-28 01:20,RAD,0.88
2026-09-28 01:21,RAD,0.89
2026-09-28 01:22,RAD,0.89
2026-09-28 01:23,RAD,0.9
2026-09-28 01:24,RAD,0.9
2026-09-28 01:25,RAD,0.9
2026-09-28 01:26,RAD,0.91
2026-09-28 01:27,RAD,0.91
2026-09-28 01:28,RAD,0.91
2026-09-28 01:29,RAD,0.92
2026-09-28 01:30,RAD,0.92
2026-09-28 01:31,RAD,0.92
2026-09-28 01:32,RAD,0.92
2026-09-28 01:33,RAD,0.93
2026-09-28 01:34,RAD,0.93
2026-09-28 01:35,RAD,0.94
2026-09-28 01:36,RAD,0.94
2026-09-28 01:37,RAD,0.94
2026-09-28 01:38,RAD,0.95
2026-09-28 01:40,RAD,0.96
2026-09-28 01:41,RAD,0.96
2026-09-28 01:45,RAD,0.97
2026-09-28 01:46,RAD,0.97
2026-09-28 01:47,RAD,0.98
2026-09-28 01:48,RAD,0.98
2026-09-28 01:49,RAD,0.99
2026-09-28 01:50,RAD,0.99
2026-09-28 01:51,RAD,1.0
2026-09-28 01:52,RAD,1.0
2026-09-28 01:53,RAD,1.0
2026-09-28 01:54,RAD,1.01
2026-09-28 01:55,RAD,1.01
2026-09-28 01:56,RAD,1.02
2026-09-28 01:57,RAD,1.02
2026-09-28 01:58,RAD,1.02
2026-09-28 01:59,RAD,1.03
2026-09-28 02:00,RAD,1.03
2026-09-28 02:01,RAD,1.03
2026-09-28 02:02,RAD,1.04
2026-09-28 02:03,RAD,1.04
2026-09-28 02:04,RAD,1.05
2026-09-28 02:05,RAD,1.05
2026-09-28 02:06,RAD,1.05
2026-09-28 02:07,RAD,1.05
2026-09-28 02:08,RAD,1.06
2026-09-28 02:09,RAD,1.06
2026-09-28 02:10,RAD,1.06
2026-09-28 02:11,RAD,1.07
2026-09-28 02:12,RAD,1.07
2026-09-28 02:13,RAD,1.07
2026-09-28 02:14,RAD,1.07
2026-09-28 02:15,RAD,1.08
2026-09-28 02:16,RAD,1.08
2026-09-28 02:17,RAD,1.09
2026-09-28 02:18,RAD,1.09
2026-09-28 02:19,RAD,1.09
2026-09-28 02:20,RAD,1.1
2026-09-28 02:21,RAD,1.1
2026-09-28 02:22,RAD,1.1
2026-09-28 02:23,RAD,1.1
2026-09-28 02:24,RAD,1.11
2026-09-28 02:25,RAD,1.11
2026-09-28 02:26,RAD,1.11
2026-09-28 02:27,RAD,1.11
2026-09-28 02:28,RAD,1.12
2026-09-28 02:29,RAD,1.12
2026-09-28 02:30,RAD,1.12
2026-09-28 02:31,RAD,1.12
2026-09-28 02:32,RAD,1.12
2026-09-28 02:33,RAD,1.13
2026-09-28 02:34,RAD,1.13
2026-09-28 02:35,RAD,1.14
2026-09-28 02:36,RAD,1.14
2026-09-28 02:37,RAD,1.14
2026-09-28 02:38,RAD,1.15
2026-09-28 02:39,RAD,1.15
2026-09-28 02:40,RAD,1.16
2026-09-28 02:42,RAD,1.16
2026-09-28 02:43,RAD,1.17
2026-09-28 02:48,RAD,1.18
2026-09-28 02:49,RAD,1.18
2026-09-28 02:50,RAD,1.18
2026-09-28 02:51,RAD,1.18
2026-09-28 02:52,RAD,1.19
2026-09-28 02:53,RAD,1.19
2026-09-28 02:54,RAD,1.19
2026-09-28 02:55,RAD,1.19
2026-09-28 02:56,RAD,1.19
2026-09-28 02:57,RAD,1.2
2026-09-28 02:58,RAD,1.2
2026-09-28 02:59,RAD,1.2
2026-09-28 03:00,RAD,1.2
2026-09-28 03:01,RAD,1.2
2026-09-28 03:02,RAD,1.21
2026-09-28 03:03,RAD,1.21
2026-09-28 03:04,RAD,1.21
2026-09-28 03:05,RAD,1.22
2026-09-28 03:06,RAD,1.22
2026-09-28 03:11,RAD,1.23
2026-09-28 03:12,RAD,1.23
2026-09-28 03:13,RAD,1.23
2026-09-28 03:14,RAD,1.23
2026-09-28 03:15,RAD,1.23
2026-09-28 03:16,RAD,1.23
2026-09-28 03:17,RAD,1.24
2026-09-28 03:18,RAD,1.24
2026-09-28 03:19,RAD,1.24
2026-09-28 03:20,RAD,1.24
2026-09-28 03:21,RAD,1.24
2026-09-28 03:22,RAD,1.25
2026-09-28 03:25,RAD,1.25
2026-09-28 03:26,RAD,1.25
2026-09-28 03:27,RAD,1.25
2026-09-28 03:28,RAD,1.25
2026-09-28 03:29,RAD,1.25
2026-09-28 03:30,RAD,1.25
2026-09-28 03:31,RAD,1.25
2026-09-28 03:32,RAD,1.25
2026-09-28 03:33,RAD,1.26
2026-09-28 03:34,RAD,1.26
2026-09-28 03:35,RAD,1.26
2026-09-28 03:36,RAD,1.26
2026-09-28 03:37,RAD,1.26
2026-09-28 03:38,RAD,1.26
2026-09-28 03:39,RAD,1.26
2026-09-28 03:40,RAD,1.26
2026-09-28 03:41,RAD,1.27
2026-09-28 03:42,RAD,1.27
2026-09-28 03:43,RAD,1.26
2026-09-28 03:44,RAD,1.26
2026-09-28 03:45,RAD,1.26
2026-09-28 03:46,RAD,1.26
2026-09-28 03:47,RAD,1.26
2026-09-28 03:48,RAD,1.26
2026-09-28 03:50,RAD,1.26
2026-09-28 03:51,RAD,1.27
2026-09-28 03:52,RAD,1.27
2026-09-28 03:53,RAD,1.27
2026-09-28 03:54,RAD,1.27
2026-09-28 03:55,RAD,1.27
2026-09-28 03:56,RAD,1.27
2026-09-28 03:57,RAD,1.27
2026-09-28 03:58,RAD,1.27
2026-09-28 03:59,RAD,1.27
2026-09-28 04:00,RAD,1.27
2026-09-28 04:01,RAD,1.27
2026-09-28 04:02,RAD,1.27
2026-09-28 04:03,RAD,1.27
2026-09-28 04:04,RAD,1.27
2026-09-28 04:15,RAD,1.26
2026-09-28 04:16,RAD,1.27
2026-09-28 04:17,RAD,1.26
2026-09-28 04:18,RAD,1.26
2026-09-28 04:19,RAD,1.26
2026-09-28 04:20,RAD,1.26
2026-09-28 04:21,RAD,1.26
2026-09-28 04:22,RAD,1.26
2026-09-28 04:23,RAD,1.26
2026-09-28 04:28,RAD,1.26
2026-09-28 04:29,RAD,1.26
2026-09-28 04:30,RAD,1.26
2026-09-28 04:31,RAD,1.26
2026-09-28 04:32,RAD,1.25
2026-09-28 04:33,RAD,1.25
2026-09-28 04:34,RAD,1.25
2026-09-28 04:35,RAD,1.25
2026-09-28 04:36,RAD,1.25
2026-09-28 04:37,RAD,1.25
2026-09-28 04:38,RAD,1.25
2026-09-28 04:39,RAD,1.24
2026-09-28 04:40,RAD,1.24
2026-09-28 04:41,RAD,1.24
2026-09-28 04:42,RAD,1.24
2026-09-28 04:43,RAD,1.24
2026-09-28 04:53,RAD,1.22
2026-09-28 04:54,RAD,1.22
2026-09-28 04:55,RAD,1.22
2026-09-28 04:56,RAD,1.22
2026-09-28 04:57,RAD,1.22
2026-09-28 04:58,RAD,1.22
2026-09-28 04:59,RAD,1.21
2026-09-28 05:00,RAD,1.21
2026-09-28 05:01,RAD,1.21
2026-09-28 05:02,RAD,1.21
2026-09-28 05:03,RAD,1.2
2026-09-28 05:04,RAD,1.2
2026-09-28 05:05,RAD,1.2
2026-09-28 05:06,RAD,1.2
2026-09-28 05:07,RAD,1.19
2026-09-28 05:08,RAD,1.19
2026-09-28 05:09,RAD,1.19
2026-09-28 05:10,RAD,1.19
2026-09-28 05:11,RAD,1.19
2026-09-28 05:12,RAD,1.18
2026-09-28 05:13,RAD,1.18
2026-09-28 05:14,RAD,1.18
2026-09-28 05:15,RAD,1.18
2026-09-28 05:16,RAD,1.18
2026-09-28 05:18,RAD,1.17
2026-09-28 05:19,RAD,1.17
2026-09-28 05:20,RAD,1.17
2026-09-28 05:21,RAD,1.17
2026-09-28 05:22,RAD,1.17
2026-09-28 05:23,RAD,1.16
2026-09-28 05:24,RAD,1.16
2026-09-28 05:25,RAD,1.16
2026-09-28 05:26,RAD,1.16
2026-09-28 05:27,RAD,1.16
2026-09-28 05:28,RAD,1.15
2026-09-28 05:29,RAD,1.15
2026-09-28 05:30,RAD,1.15
2026-09-28 05:31,RAD,1.15
2026-09-28 05:32,RAD,1.14
2026-09-28 05:33,RAD,1.14
2026-09-28 05:34,RAD,1.14
2026-09-28 05:35,RAD,1.13
2026-09-28 05:36,RAD,1.13
2026-09-28 05:37,RAD,1.13
2026-09-28 05:38,RAD,1.12
2026-09-28 05:39,RAD,1.12
2026-09-28 05:40,RAD,1.12
2026-09-28 05:41,RAD,1.11
2026-09-28 05:42,RAD,1.11
2026-09-28 05:47,RAD,1.1
2026-09-28 05:48,RAD,1.1
2026-09-28 05:49,RAD,1.09
2026-09-28 05:50,RAD,1.09
2026-09-28 05:55,RAD,1.07
2026-09-28 05:56,RAD,1.07
2026-09-28 05:57,RAD,1.07
2026-09-28 05:58,RAD,1.06
2026-09-28 05:59,RAD,1.06
2026-09-28 06:00,RAD,1.05
2026-09-28 06:01,RAD,1.05
2026-09-28 06:02,RAD,1.05
2026-09-28 06:03,RAD,1.04
2026-09-28 06:04,RAD,1.04
2026-09-28 06:05,RAD,1.04
2026-09-28 06:06,RAD,1.04
2026-09-28 06:07,RAD,1.03
2026-09-28 06:08,RAD,1.03
2026-09-28 06:09,RAD,1.02
2026-09-28 06:12,RAD,1.02
2026-09-28 06:13,RAD,1.02
2026-09-28 06:14,RAD,1.01
2026-09-28 06:15,RAD,1.01
2026-09-28 06:16,RAD,1.0
2026-09-28 06:17,RAD,1.0
2026-09-28 06:18,RAD,1.0
2026-09-28 06:19,RAD,0.99
2026-09-28 06:20,RAD,0.99
2026-09-28 06:21,RAD,0.98
2026-09-28 06:22,RAD,0.98
2026-09-28 06:23,RAD,0.97
2026-09-28 06:24,RAD,0.97
2026-09-28 06:25,RAD,0.97
2026-09-28 06:26,RAD,0.97
2026-09-28 06:27,RAD,0.96
2026-09-28 06:28,RAD,0.96
2026-09-28 06:29,RAD,0.96
2026-09-28 06:30,RAD,0.95
2026-09-28 06:31,RAD,0.95
2026-09-28 06:32,RAD,0.94
2026-09-28 06:33,RAD,0.94
2026-09-28 06:34,RAD,0.94
2026-09-28 06:35,RAD,0.94
2026-09-28 06:36,RAD,0.93
2026-09-28 06:37,RAD,0.93
2026-09-28 06:38,RAD,0.93
2026-09-28 06:39,RAD,0.92
2026-09-28 06:40,RAD,0.92
2026-09-28 06:41,RAD,0.92
2026-09-28 06:42,RAD,0.91
2026-09-28 06:43,RAD,0.91
2026-09-28 06:44,RAD,0.9
2026-09-28 06:45,RAD,0.9
2026-09-28 06:46,RAD,0.9
2026-09-28 06:47,RAD,0.89
2026-09-28 06:48,RAD,0.89
2026-09-28 06:49,RAD,0.88
2026-09-28 06:50,RAD,0.88
2026-09-28 06:51,RAD,0.87
2026-09-28 06:53,RAD,0.86
2026-09-28 06:54,RAD,0.86
2026-09-28 06:55,RAD,0.85
2026-09-28 06:56,RAD,0.84
2026-09-28 06:57,RAD,0.84
2026-09-28 06:58,RAD,0.84
2026-09-28 06:59,RAD,0.83
2026-09-28 07:00,RAD,0.83
2026-09-28 07:01,RAD,0.82
2026-09-28 07:02,RAD,0.81
2026-09-28 07:03,RAD,0.81
2026-09-28 07:04,RAD,0.81
2026-09-28 07:05,RAD,0.8
2026-09-28 07:06,RAD,0.8
2026-09-28 07:07,RAD,0.8
2026-09-28 07:08,RAD,0.8
2026-09-28 07:09,RAD,0.79
2026-09-28 07:10,RAD,0.79
2026-09-28 07:11,RAD,0.78
2026-09-28 07:12,RAD,0.78
2026-09-28 07:13,RAD,0.78
2026-09-28 07:14,RAD,0.78
2026-09-28 07:15,RAD,0.77
2026-09-28 07:16,RAD,0.77
2026-09-28 07:19,RAD,0.75
2026-09-28 07:20,RAD,0.74
2026-09-28 07:21,RAD,0.74
2026-09-28 07:22,RAD,0.74
2026-09-28 07:23,RAD,0.73
2026-09-28 07:24,RAD,0.73
2026-09-28 07:25,RAD,0.73
2026-09-28 07:26,RAD,0.72
2026-09-28 07:27,RAD,0.72
2026-09-28 07:28,RAD,0.72
2026-09-28 07:29,RAD,0.71
2026-09-28 07:30,RAD,0.71
2026-09-28 07:31,RAD,0.7
2026-09-28 07:32,RAD,0.7
2026-09-28 07:33,RAD,0.69
2026-09-28 07:35,RAD,0.69
2026-09-28 07:36,RAD,0.69
2026-09-28 07:37,RAD,0.68
2026-09-28 07:38,RAD,0.68
2026-09-28 07:39,RAD,0.68
2026-09-28 07:40,RAD,0.67
2026-09-28 07:41,RAD,0.67
2026-09-28 07:42,RAD,0.67
2026-09-28 07:43,RAD,0.66
2026-09-28 07:44,RAD,0.66
2026-09-28 07:45,RAD,0.65
2026-09-28 07:48,RAD,0.64
2026-09-28 07:49,RAD,0.64
2026-09-28 07:50,RAD,0.63
2026-09-28 07:51,RAD,0.63
2026-09-28 07:52,RAD,0.62
2026-09-28 07:53,RAD,0.62
2026-09-28 07:54,RAD,0.61
2026-09-28 07:55,RAD,0.61
2026-09-28 07:56,RAD,0.61
2026-09-28 07:57,RAD,0.6
2026-09-28 07:58,RAD,0.6
2026-09-28 07:59,RAD,0.6
2026-09-28 08:00,RAD,0.59
2026-09-28 08:01,RAD,0.59
2026-09-28 08:02,RAD,0.59
2026-09-28 08:03,RAD,0.58
2026-09-28 08:04,RAD,0.58
2026-09-28 08:05,RAD,0.58
2026-09-28 08:06,RAD,0.58
2026-09-28 08:07,RAD,0.58
2026-09-28 08:08,RAD,0.58
2026-09-28 08:09,RAD,0.57
2026-09-28 08:10,RAD,0.57
2026-09-28 08:11,RAD,0.57
2026-09-28 08:12,RAD,0.57
2026-09-28 08:13,RAD,0.56
2026-09-28 08:14,RAD,0.56
2026-09-28 08:15,RAD,0.55
2026-09-28 08:16,RAD,0.55
2026-09-28 08:17,RAD,0.54
2026-09-28 08:18,RAD,0.54
2026-09-28 08:19,RAD,0.54
2026-09-28 08:20,RAD,0.53
2026-09-28 08:21,RAD,0.53
2026-09-28 08:22,RAD,0.53
2026-09-28 08:23,RAD,0.52
2026-09-28 08:24,RAD,0.52
2026-09-28 08:25,RAD,0.52
2026-09-28 08:26,RAD,0.52
2026-09-28 08:27,RAD,0.51
2026-09-28 08:28,RAD,0.51
2026-09-28 08:29,RAD,0.51
2026-09-28 08:30,RAD,0.51
2026-09-28 08:31,RAD,0.5
2026-09-28 08:32,RAD,0.5
2026-09-28 08:33,RAD,0.49
2026-09-28 08:34,RAD,0.49
2026-09-28 08:35,RAD,0.49
2026-09-28 08:36,RAD,0.48
2026-09-28 08:37,RAD,0.48
2026-09-28 08:38,RAD,0.48
2026-09-28 08:39,RAD,0.47
2026-09-28 08:40,RAD,0.47
2026-09-28 08:41,RAD,0.47
2026-09-28 08:42,RAD,0.46
2026-09-28 08:43,RAD,0.46
2026-09-28 08:44,RAD,0.46
2026-09-28 08:45,RAD,0.46
2026-09-28 08:46,RAD,0.46
2026-09-28 08:47,RAD,0.45
2026-09-28 08:48,RAD,0.45
2026-09-28 08:49,RAD,0.45
2026-09-28 08:50,RAD,0.45
2026-09-28 08:51,RAD,0.45
2026-09-28 08:52,RAD,0.44
2026-09-28 08:53,RAD,0.44
2026-09-28 08:54,RAD,0.44
2026-09-28 08:55,RAD,0.44
2026-09-28 08:56,RAD,0.44
2026-09-28 08:57,RAD,0.43
2026-09-28 08:58,RAD,0.43
2026-09-28 08:59,RAD,0.42
2026-09-28 09:00,RAD,0.42
2026-09-28 09:01,RAD,0.42
2026-09-28 09:02,RAD,0.41
2026-09-28 09:03,RAD,0.41
2026-09-28 09:04,RAD,0.41
2026-09-28 09:05,RAD,0.41
2026-09-28 09:06,RAD,0.41
2026-09-28 09:07,RAD,0.41
2026-09-28 09:08,RAD,0.4
2026-09-28 09:09,RAD,0.4
2026-09-28 09:10,RAD,0.4
2026-09-28 09:11,RAD,0.4
2026-09-28 09:12,RAD,0.4
2026-09-28 09:13,RAD,0.39
2026-09-28 09:14,RAD,0.39
2026-09-28 09:15,RAD,0.39
2026-09-28 09:16,RAD,0.39
2026-09-28 09:17,RAD,0.39
2026-09-28 09:18,RAD,0.38
2026-09-28 09:19,RAD,0.38
2026-09-28 09:20,RAD,0.38
2026-09-28 09:21,RAD,0.38
2026-09-28 09:22,RAD,0.38
2026-09-28 09:23,RAD,0.37
2026-09-28 09:24,RAD,0.37
2026-09-28 09:25,RAD,0.37
2026-09-28 09:26,RAD,0.36
2026-09-28 09:27,RAD,0.36
2026-09-28 09:28,RAD,0.36
2026-09-28 09:29,RAD,0.36
2026-09-28 09:30,RAD,0.35
2026-09-28 09:31,RAD,0.35
2026-09-28 09:32,RAD,0.35
2026-09-28 09:33,RAD,0.35
2026-09-28 09:34,RAD,0.35
2026-09-28 09:35,RAD,0.34
2026-09-28 09:36,RAD,0.34
2026-09-28 09:37,RAD,0.34
2026-09-28 09:38,RAD,0.34
2026-09-28 09:39,RAD,0.34
2026-09-28 09:40,RAD,0.34
2026-09-28 09:41,RAD,0.34
2026-09-28 09:42,RAD,0.34
2026-09-28 09:43,RAD,0.33
2026-09-28 09:45,RAD,0.33
2026-09-28 09:46,RAD,0.33
2026-09-28 09:47,RAD,0.33
2026-09-28 09:48,RAD,0.33
2026-09-28 09:49,RAD,0.33
2026-09-28 09:50,RAD,0.33
2026-09-28 09:51,RAD,0.33
2026-09-28 09:52,RAD,0.32
2026-09-28 09:53,RAD,0.32
2026-09-28 09:54,RAD,0.32
2026-09-28 09:55,RAD,0.32
2026-09-28 09:56,RAD,0.32
2026-09-28 09:57,RAD,0.32
2026-09-28 09:58,RAD,0.32
2026-09-28 09:59,RAD,0.32
2026-09-28 10:00,RAD,0.32
2026-09-28 10:01,RAD,0.32
2026-09-28 10:02,RAD,0.32
2026-09-28 10:03,RAD,0.32
2026-09-28 10:04,RAD,0.32
2026-09-28 10:05,RAD,0.32
2026-09-28 10:06,RAD,0.32
2026-09-28 10:07,RAD,0.32
2026-09-28 10:08,RAD,0.32
2026-09-28 10:09,RAD,0.32
2026-09-28 10:10,RAD,0.32
2026-09-28 10:11,RAD,0.32
2026-09-28 10:12,RAD,0.32
2026-09-28 10:13,RAD,0.32
2026-09-28 10:14,RAD,0.32
2026-09-28 10:15,RAD,0.32
2026-09-28 10:16,RAD,0.32
2026-09-28 10:17,RAD,0.32
2026-09-28 10:18,RAD,0.31
2026-09-28 10:19,RAD,0.32
2026-09-28 10:20,RAD,0.32
2026-09-28 10:21,RAD,0.32
2026-09-28 10:22,RAD,0.32
2026-09-28 10:23,RAD,0.32
2026-09-28 10:24,RAD,0.32
2026-09-28 10:25,RAD,0.32
2026-09-28 10:26,RAD,0.32
2026-09-28 10:27,RAD,0.32
2026-09-28 10:28,RAD,0.32
2026-09-28 10:29,RAD,0.32
2026-09-28 10:30,RAD,0.32
2026-09-28 10:31,RAD,0.32
2026-09-28 10:32,RAD,0.33
2026-09-28 10:33,RAD,0.33
2026-09-28 10:34,RAD,0.33
2026-09-28 10:35,RAD,0.33
2026-09-28 10:36,RAD,0.33
2026-09-28 10:37,RAD,0.33
2026-09-28 10:38,RAD,0.33
2026-09-28 10:39,RAD,0.34
2026-09-28 10:40,RAD,0.34
2026-09-28 10:41,RAD,0.34
2026-09-28 10:42,RAD,0.34
2026-09-28 10:43,RAD,0.34
2026-09-28 10:44,RAD,0.34
2026-09-28 10:45,RAD,0.34
2026-09-28 10:46,RAD,0.34
2026-09-28 10:47,RAD,0.34
2026-09-28 10:48,RAD,0.35
2026-09-28 10:49,RAD,0.35
2026-09-28 10:50,RAD,0.35
2026-09-28 10:51,RAD,0.35
2026-09-28 10:52,RAD,0.35
2026-09-28 10:53,RAD,0.36
2026-09-28 10:54,RAD,0.36
2026-09-28 10:55,RAD,0.36
2026-09-28 10:56,RAD,0.36
2026-09-28 10:57,RAD,0.36
2026-09-28 10:58,RAD,0.36
2026-09-28 10:59,RAD,0.37
2026-09-28 11:00,RAD,0.37
2026-09-28 11:01,RAD,0.37
2026-09-28 11:02,RAD,0.37
2026-09-28 11:03,RAD,0.37
2026-09-28 11:04,RAD,0.37
2026-09-28 11:05,RAD,0.37
2026-09-28 11:06,RAD,0.37
2026-09-28 11:07,RAD,0.37
2026-09-28 11:08,RAD,0.37
2026-09-28 11:09,RAD,0.38
2026-09-28 11:10,RAD,0.38
2026-09-28 11:11,RAD,0.38
2026-09-28 11:12,RAD,0.38
2026-09-28 11:13,RAD,0.39
2026-09-28 11:14,RAD,0.39
2026-09-28 11:15,RAD,0.39
2026-09-28 11:16,RAD,0.39
2026-09-28 11:17,RAD,0.4
2026-09-28 11:18,RAD,0.4
2026-09-28 11:19,RAD,0.4
2026-09-28 11:20,RAD,0.4
2026-09-28 11:21,RAD,0.4
2026-09-28 11:22,RAD,0.4
2026-09-28 11:23,RAD,0.4
2026-09-28 11:24,RAD,0.4
2026-09-28 11:25,RAD,0.41
2026-09-28 11:26,RAD,0.41
2026-09-28 11:27,RAD,0.41
2026-09-28 11:28,RAD,0.41
2026-09-28 11:29,RAD,0.42
2026-09-28 11:30,RAD,0.42
2026-09-28 11:31,RAD,0.42
2026-09-28 11:32,RAD,0.43
2026-09-28 11:33,RAD,0.43
2026-09-28 11:34,RAD,0.43
2026-09-28 11:35,RAD,0.43
2026-09-28 11:36,RAD,0.43
2026-09-28 11:37,RAD,0.44
2026-09-28 11:38,RAD,0.44
2026-09-28 11:39,RAD,0.45
2026-09-28 11:40,RAD,0.45
2026-09-28 11:41,RAD,0.45
2026-09-28 11:42,RAD,0.45
2026-09-28 11:43,RAD,0.46
2026-09-28 11:44,RAD,0.46
2026-09-28 11:45,RAD,0.46
2026-09-28 11:46,RAD,0.46
2026-09-28 11:47,RAD,0.47
2026-09-28 11:48,RAD,0.47
2026-09-28 11:49,RAD,0.47
2026-09-28 11:50,RAD,0.47
2026-09-28 11:51,RAD,0.47
2026-09-28 11:53,RAD,0.48
2026-09-28 11:54,RAD,0.48
2026-09-28 11:55,RAD,0.48
2026-09-28 11:56,RAD,0.49
2026-09-28 11:57,RAD,0.49
2026-09-28 11:58,RAD,0.49
2026-09-28 11:59,RAD,0.5
2026-09-28 12:00,RAD,0.5
2026-09-28 12:01,RAD,0.5
2026-09-28 12:02,RAD,0.51
2026-09-28 12:03,RAD,0.51
2026-09-28 12:04,RAD,0.51
2026-09-28 12:05,RAD,0.52
2026-09-28 12:06,RAD,0.52
2026-09-28 12:07,RAD,0.52
2026-09-28 12:08,RAD,0.53
2026-09-28 12:09,RAD,0.53
2026-09-28 12:10,RAD,0.54
2026-09-28 12:11,RAD,0.54
2026-09-28 12:12,RAD,0.54
2026-09-28 12:13,RAD,0.55
2026-09-28 12:14,RAD,0.55
2026-09-28 12:15,RAD,0.55
2026-09-28 12:16,RAD,0.56
2026-09-28 12:17,RAD,0.56
2026-09-28 12:18,RAD,0.56
2026-09-28 12:19,RAD,0.56
2026-09-28 12:20,RAD,0.57
2026-09-28 12:21,RAD,0.57
2026-09-28 12:22,RAD,0.58
2026-09-28 12:23,RAD,0.59
2026-09-28 12:24,RAD,0.59
2026-09-28 12:25,RAD,0.6
2026-09-28 12:26,RAD,0.6
2026-09-28 12:27,RAD,0.6
2026-09-28 12:28,RAD,0.61
2026-09-28 12:29,RAD,0.61
2026-09-28 12:30,RAD,0.62
2026-09-28 12:31,RAD,0.62
2026-09-28 12:32,RAD,0.62
2026-09-28 12:33,RAD,0.63
2026-09-28 12:34,RAD,0.63
2026-09-28 12:35,RAD,0.64
2026-09-28 12:36,RAD,0.64
2026-09-28 12:37,RAD,0.65
2026-09-28 12:38,RAD,0.65
2026-09-28 12:39,RAD,0.65
2026-09-28 12:40,RAD,0.66
2026-09-28 12:41,RAD,0.66
2026-09-28 12:42,RAD,0.66
2026-09-28 12:43,RAD,0.67
2026-09-28 12:44,RAD,0.67
2026-09-28 12:45,RAD,0.68
2026-09-28 12:46,RAD,0.68
2026-09-28 12:47,RAD,0.69
2026-09-28 12:48,RAD,0.69
2026-09-28 12:49,RAD,0.7
2026-09-28 12:50,RAD,0.7
2026-09-28 12:51,RAD,0.71
2026-09-28 12:52,RAD,0.71
2026-09-28 12:53,RAD,0.71
2026-09-28 12:54,RAD,0.72
2026-09-28 12:55,RAD,0.72
2026-09-28 12:56,RAD,0.72
2026-09-28 12:57,RAD,0.73
2026-09-28 12:58,RAD,0.73
2026-09-28 12:59,RAD,0.74
2026-09-28 13:00,RAD,0.74
2026-09-28 13:01,RAD,0.75
2026-09-28 13:02,RAD,0.75
2026-09-28 13:03,RAD,0.75
2026-09-28 13:04,RAD,0.76
2026-09-28 13:05,RAD,0.77
2026-09-28 13:06,RAD,0.77
2026-09-28 13:07,RAD,0.78
2026-09-28 13:08,RAD,0.78
2026-09-28 13:09,RAD,0.79
2026-09-28 13:10,RAD,0.79
2026-09-28 13:11,RAD,0.79
2026-09-28 13:12,RAD,0.8
2026-09-28 13:13,RAD,0.8
2026-09-28 13:14,RAD,0.81
2026-09-28 13:15,RAD,0.81
2026-09-28 13:16,RAD,0.81
2026-09-28 13:17,RAD,0.82
2026-09-28 13:18,RAD,0.82
2026-09-28 13:19,RAD,0.83
2026-09-28 13:20,RAD,0.83
2026-09-28 13:21,RAD,0.84
2026-09-28 13:22,RAD,0.84
2026-09-28 13:23,RAD,0.85
2026-09-28 13:24,RAD,0.85
2026-09-28 13:25,RAD,0.86
2026-09-28 13:26,RAD,0.86
2026-09-28 13:27,RAD,0.87
2026-09-28 13:28,RAD,0.87
2026-09-28 13:29,RAD,0.88
2026-09-28 13:30,RAD,0.88
2026-09-28 13:31,RAD,0.88
2026-09-28 13:32,RAD,0.89
2026-09-28 13:33,RAD,0.89
2026-09-28 13:34,RAD,0.89
2026-09-28 13:35,RAD,0.9
2026-09-28 13:36,RAD,0.9
2026-09-28 13:37,RAD,0.91
2026-09-28 13:38,RAD,0.91
2026-09-28 13:39,RAD,0.92
2026-09-28 13:40,RAD,0.92
2026-09-28 13:41,RAD,0.93
2026-09-28 13:42,RAD,0.93
2026-09-28 13:43,RAD,0.94
2026-09-28 13:44,RAD,0.94
2026-09-28 13:45,RAD,0.94
2026-09-28 13:46,RAD,0.95
2026-09-28 13:47,RAD,0.95
2026-09-28 13:48,RAD,0.95
2026-09-28 13:49,RAD,0.96
2026-09-28 13:50,RAD,0.96
2026-09-28 13:51,RAD,0.97
2026-09-28 13:52,RAD,0.97
2026-09-28 13:53,RAD,0.97
2026-09-28 13:54,RAD,0.98
2026-09-28 13:55,RAD,0.98
2026-09-28 13:56,RAD,0.98
2026-09-28 13:57,RAD,0.99
2026-09-28 13:58,RAD,0.99
2026-09-28 13:59,RAD,1.0
2026-09-28 14:00,RAD,1.0
2026-09-28 14:01,RAD,1.01
2026-09-28 14:02,RAD,1.01
2026-09-28 14:03,RAD,1.02
2026-09-28 14:04,RAD,1.02
2026-09-28 14:05,RAD,1.03
2026-09-28 14:06,RAD,1.03
2026-09-28 14:07,RAD,1.03
2026-09-28 14:08,RAD,1.04
2026-09-28 14:09,RAD,1.04
2026-09-28 14:10,RAD,1.04
2026-09-28 14:11,RAD,1.05
2026-09-28 14:12,RAD,1.05
2026-09-28 14:13,RAD,1.05
2026-09-28 14:14,RAD,1.06
2026-09-28 14:15,RAD,1.06
2026-09-28 14:16,RAD,1.06
2026-09-28 14:17,RAD,1.07
2026-09-28 14:18,RAD,1.07
2026-09-28 14:19,RAD,1.07
2026-09-28 14:20,RAD,1.08
2026-09-28 14:21,RAD,1.08
2026-09-28 14:22,RAD,1.08
2026-09-28 14:23,RAD,1.09
2026-09-28 14:24,RAD,1.09
2026-09-28 14:25,RAD,1.1
2026-09-28 14:26,RAD,1.1
2026-09-28 14:27,RAD,1.1
2026-09-28 14:28,RAD,1.11
2026-09-28 14:29,RAD,1.11
2026-09-28 14:30,RAD,1.11
2026-09-28 14:31,RAD,1.12
2026-09-28 14:32,RAD,1.12
2026-09-28 14:33,RAD,1.12
2026-09-28 14:34,RAD,1.13
2026-09-28 14:35,RAD,1.13
2026-09-28 14:36,RAD,1.13
2026-09-28 14:37,RAD,1.14
2026-09-28 14:38,RAD,1.14
2026-09-28 14:39,RAD,1.15
2026-09-28 14:40,RAD,1.15
2026-09-28 14:41,RAD,1.15
2026-09-28 14:42,RAD,1.16
2026-09-28 14:43,RAD,1.16
2026-09-28 14:44,RAD,1.16
2026-09-28 14:45,RAD,1.16
2026-09-28 14:46,RAD,1.17
2026-09-28 14:47,RAD,1.17
2026-09-28 14:48,RAD,1.17
2026-09-28 14:49,RAD,1.18
2026-09-28 14:50,RAD,1.18
2026-09-28 14:51,RAD,1.18
2026-09-28 14:52,RAD,1.19
2026-09-28 14:53,RAD,1.19
2026-09-28 14:54,RAD,1.19
2026-09-28 14:55,RAD,1.2
2026-09-28 14:56,RAD,1.2
2026-09-28 14:57,RAD,1.2
2026-09-28 14:58,RAD,1.2
2026-09-28 14:59,RAD,1.21
2026-09-28 15:00,RAD,1.21
2026-09-28 15:01,RAD,1.21
2026-09-28 15:02,RAD,1.22
2026-09-28 15:03,RAD,1.22
2026-09-28 15:04,RAD,1.22
2026-09-28 15:05,RAD,1.22
2026-09-28 15:06,RAD,1.22
2026-09-28 15:07,RAD,1.23
2026-09-28 15:08,RAD,1.23
2026-09-28 15:09,RAD,1.23
2026-09-28 15:10,RAD,1.24
2026-09-28 15:11,RAD,1.24
2026-09-28 15:12,RAD,1.24
2026-09-28 15:13,RAD,1.25
2026-09-28 15:14,RAD,1.25
2026-09-28 15:15,RAD,1.25
2026-09-28 15:16,RAD,1.26
2026-09-28 15:18,RAD,1.26
2026-09-28 15:19,RAD,1.26
2026-09-28 15:20,RAD,1.26
2026-09-28 15:21,RAD,1.26
2026-09-28 15:22,RAD,1.27
2026-09-28 15:23,RAD,1.27
2026-09-28 15:24,RAD,1.27
2026-09-28 15:25,RAD,1.28
2026-09-28 15:26,RAD,1.27
2026-09-28 15:27,RAD,1.28
2026-09-28 15:28,RAD,1.28
2026-09-28 15:29,RAD,1.28
2026-09-28 15:30,RAD,1.28
2026-09-28 15:31,RAD,1.28
2026-09-28 15:32,RAD,1.29
2026-09-28 15:33,RAD,1.29
2026-09-28 15:34,RAD,1.29
2026-09-28 15:35,RAD,1.29
2026-09-28 15:36,RAD,1.29
2026-09-28 15:37,RAD,1.29
2026-09-28 15:38,RAD,1.3
2026-09-28 15:39,RAD,1.29
2026-09-28 15:40,RAD,1.3
2026-09-28 15:41,RAD,1.3
2026-09-28 15:42,RAD,1.3
2026-09-28 15:43,RAD,1.3
2026-09-28 15:44,RAD,1.3
2026-09-28 15:45,RAD,1.3
2026-09-28 15:47,RAD,1.3
2026-09-28 15:48,RAD,1.3
2026-09-28 15:49,RAD,1.31
2026-09-28 15:50,RAD,1.31
2026-09-28 15:51,RAD,1.31
2026-09-28 15:52,RAD,1.31
2026-09-28 15:53,RAD,1.31
2026-09-28 15:54,RAD,1.31
2026-09-28 15:55,RAD,1.31
2026-09-28 15:56,RAD,1.31
2026-09-28 15:57,RAD,1.32
2026-09-28 15:58,RAD,1.32
2026-09-28 15:59,RAD,1.32
2026-09-28 16:00,RAD,1.32
2026-09-28 16:01,RAD,1.32
2026-09-28 16:02,RAD,1.32
2026-09-28 16:03,RAD,1.32
2026-09-28 16:04,RAD,1.32
2026-09-28 16:05,RAD,1.33
2026-09-28 16:06,RAD,1.33
2026-09-28 16:07,RAD,1.33
2026-09-28 16:08,RAD,1.33
2026-09-28 16:09,RAD,1.33
2026-09-28 16:10,RAD,1.33
2026-09-28 16:11,RAD,1.33
2026-09-28 16:12,RAD,1.33
2026-09-28 16:13,RAD,1.33
2026-09-28 16:14,RAD,1.33
2026-09-28 16:15,RAD,1.33
2026-09-28 16:16,RAD,1.33
2026-09-28 16:17,RAD,1.33
2026-09-28 16:18,RAD,1.33
2026-09-28 16:19,RAD,1.33
2026-09-28 16:20,RAD,1.33
2026-09-28 16:21,RAD,1.33
2026-09-28 16:22,RAD,1.33
2026-09-28 16:23,RAD,1.33
2026-09-28 16:26,RAD,1.33
2026-09-28 16:27,RAD,1.33
2026-09-28 16:28,RAD,1.33
2026-09-28 16:29,RAD,1.33
2026-09-28 16:30,RAD,1.33
2026-09-28 16:31,RAD,1.33
2026-09-28 16:32,RAD,1.33
2026-09-28 16:33,RAD,1.33
2026-09-28 16:34,RAD,1.33
2026-09-28 16:35,RAD,1.33
2026-09-28 16:36,RAD,1.33
2026-09-28 16:37,RAD,1.33
2026-09-28 16:38,RAD,1.32
2026-09-28 16:39,RAD,1.32
2026-09-28 16:40,RAD,1.32
2026-09-28 16:41,RAD,1.32
2026-09-28 16:42,RAD,1.32
2026-09-28 16:43,RAD,1.32
2026-09-28 16:44,RAD,1.31
2026-09-28 16:45,RAD,1.31
2026-09-28 16:46,RAD,1.31
2026-09-28 16:47,RAD,1.32
2026-09-28 16:48,RAD,1.31
2026-09-28 16:49,RAD,1.32
2026-09-28 16:50,RAD,1.31
2026-09-28 16:51,RAD,1.31
2026-09-28 16:52,RAD,1.31
2026-09-28 16:53,RAD,1.31
2026-09-28 16:54,RAD,1.31
2026-09-28 16:55,RAD,1.31
2026-09-28 16:56,RAD,1.31
2026-09-28 16:57,RAD,1.31
2026-09-28 16:58,RAD,1.31
2026-09-28 16:59,RAD,1.3
2026-09-28 17:00,RAD,1.31
2026-09-28 17:02,RAD,1.31
2026-09-28 17:03,RAD,1.3
2026-09-28 17:04,RAD,1.3
2026-09-28 17:05,RAD,1.3
2026-09-28 17:06,RAD,1.3
2026-09-28 17:07,RAD,1.29
2026-09-28 17:08,RAD,1.29
2026-09-28 17:09,RAD,1.29
2026-09-28 17:10,RAD,1.29
2026-09-28 17:11,RAD,1.29
2026-09-28 17:12,RAD,1.29
2026-09-28 17:13,RAD,1.28
2026-09-28 17:14,RAD,1.28
2026-09-28 17:15,RAD,1.28
2026-09-28 17:16,RAD,1.28
2026-09-28 17:17,RAD,1.28
2026-09-28 17:18,RAD,1.27
2026-09-28 17:19,RAD,1.27
2026-09-28 17:20,RAD,1.27
2026-09-28 17:21,RAD,1.27
2026-09-28 17:22,RAD,1.27
2026-09-28 17:23,RAD,1.27
2026-09-28 17:24,RAD,1.27
2026-09-28 17:25,RAD,1.27
2026-09-28 17:26,RAD,1.26
2026-09-28 17:27,RAD,1.26
2026-09-28 17:28,RAD,1.26
2026-09-28 17:29,RAD,1.26
2026-09-28 17:30,RAD,1.26
2026-09-28 17:31,RAD,1.25
2026-09-28 17:32,RAD,1.25
2026-09-28 17:33,RAD,1.25
2026-09-28 17:34,RAD,1.24
2026-09-28 17:35,RAD,1.24
2026-09-28 17:36,RAD,1.24
2026-09-28 17:37,RAD,1.24
2026-09-28 17:38,RAD,1.23
2026-09-28 17:39,RAD,1.23
2026-09-28 17:40,RAD,1.23
2026-09-28 17:41,RAD,1.23
2026-09-28 17:42,RAD,1.23
2026-09-28 17:43,RAD,1.22
2026-09-28 17:44,RAD,1.22
2026-09-28 17:45,RAD,1.22
2026-09-28 17:46,RAD,1.22
2026-09-28 17:47,RAD,1.22
2026-09-28 17:48,RAD,1.21
2026-09-28 17:49,RAD,1.21
2026-09-28 17:50,RAD,1.21
2026-09-28 17:51,RAD,1.21
2026-09-28 17:52,RAD,1.2
2026-09-28 17:53,RAD,1.2
2026-09-28 17:54,RAD,1.2
2026-09-28 17:55,RAD,1.2
2026-09-28 17:56,RAD,1.19
2026-09-28 17:57,RAD,1.19
2026-09-28 17:58,RAD,1.18
2026-09-28 17:59,RAD,1.18
2026-09-28 18:00,RAD,1.18
2026-09-28 18:01,RAD,1.18
2026-09-28 18:02,RAD,1.17
2026-09-28 18:03,RAD,1.17
2026-09-28 18:04,RAD,1.17
2026-09-28 18:05,RAD,1.16
2026-09-28 18:06,RAD,1.16
2026-09-28 18:07,RAD,1.16
2026-09-28 18:08,RAD,1.16
2026-09-28 18:09,RAD,1.15
2026-09-28 18:10,RAD,1.15
2026-09-28 18:11,RAD,1.15
2026-09-28 18:12,RAD,1.14
2026-09-28 18:13,RAD,1.14
2026-09-28 18:14,RAD,1.14
2026-09-28 18:15,RAD,1.13
2026-09-28 18:16,RAD,1.13
2026-09-28 18:17,RAD,1.13
2026-09-28 18:18,RAD,1.12
2026-09-28 18:19,RAD,1.12
2026-09-28 18:20,RAD,1.12
2026-09-28 18:21,RAD,1.11
2026-09-28 18:22,RAD,1.11
2026-09-28 18:23,RAD,1.1
2026-09-28 18:24,RAD,1.1
2026-09-28 18:25,RAD,1.1
2026-09-28 18:26,RAD,1.09
2026-09-28 18:27,RAD,1.09
2026-09-28 18:28,RAD,1.08
2026-09-28 18:29,RAD,1.08
2026-09-28 18:30,RAD,1.08
2026-09-28 18:31,RAD,1.07
2026-09-28 18:32,RAD,1.07
2026-09-28 18:33,RAD,1.07
2026-09-28 18:34,RAD,1.06
2026-09-28 18:35,RAD,1.06
2026-09-28 18:36,RAD,1.06
2026-09-28 18:37,RAD,1.06
2026-09-28 18:38,RAD,1.05
2026-09-28 18:39,RAD,1.04
2026-09-28 18:40,RAD,1.04
2026-09-28 18:41,RAD,1.04
2026-09-28 18:42,RAD,1.03
2026-09-28 18:43,RAD,1.03
2026-09-28 18:44,RAD,1.02
2026-09-28 18:45,RAD,1.02
2026-09-28 18:46,RAD,1.02
2026-09-28 18:47,RAD,1.01
2026-09-28 18:48,RAD,1.01
2026-09-28 18:49,RAD,1.0
2026-09-28 18:50,RAD,1.0
2026-09-28 18:51,RAD,1.0
2026-09-28 18:52,RAD,1.0
2026-09-28 18:53,RAD,0.99
2026-09-28 18:54,RAD,0.99
2026-09-28 18:55,RAD,0.99
2026-09-28 18:56,RAD,0.98
2026-09-28 18:57,RAD,0.98
2026-09-28 18:58,RAD,0.98
2026-09-28 18:59,RAD,0.97
2026-09-28 19:00,RAD,0.97
2026-09-28 19:01,RAD,0.97
2026-09-28 19:02,RAD,0.96
2026-09-28 19:03,RAD,0.96
2026-09-28 19:04,RAD,0.95
2026-09-28 19:05,RAD,0.95
2026-09-28 19:06,RAD,0.94
2026-09-28 19:07,RAD,0.94
2026-09-28 19:08,RAD,0.94
2026-09-28 19:09,RAD,0.93
2026-09-28 19:10,RAD,0.93
2026-09-28 19:11,RAD,0.92
2026-09-28 19:12,RAD,0.92
2026-09-28 19:13,RAD,0.91
2026-09-28 19:14,RAD,0.91
2026-09-28 19:15,RAD,0.91
2026-09-28 19:17,RAD,0.9
2026-09-28 19:18,RAD,0.89
2026-09-28 19:19,RAD,0.89
2026-09-28 19:20,RAD,0.88
2026-09-28 19:21,RAD,0.88
2026-09-28 19:22,RAD,0.87
2026-09-28 19:23,RAD,0.87
2026-09-28 19:24,RAD,0.86
2026-09-28 19:25,RAD,0.86
2026-09-28 19:26,RAD,0.85
2026-09-28 19:27,RAD,0.85
2026-09-28 19:28,RAD,0.84
2026-09-28 19:29,RAD,0.84
2026-09-28 19:30,RAD,0.84
2026-09-28 19:31,RAD,0.83
2026-09-28 19:32,RAD,0.83
2026-09-28 19:33,RAD,0.83
2026-09-28 19:34,RAD,0.82
2026-09-28 19:35,RAD,0.82
2026-09-28 19:36,RAD,0.81
2026-09-28 19:37,RAD,0.81
2026-09-28 19:38,RAD,0.81
2026-09-28 19:39,RAD,0.8
2026-09-28 19:40,RAD,0.8
2026-09-28 19:41,RAD,0.79
2026-09-28 19:42,RAD,0.79
2026-09-28 19:43,RAD,0.79
2026-09-28 19:44,RAD,0.78
2026-09-28 19:45,RAD,0.78
2026-09-28 19:46,RAD,0.77
2026-09-28 19:47,RAD,0.77
2026-09-28 19:48,RAD,0.77
2026-09-28 19:49,RAD,0.76
2026-09-28 19:50,RAD,0.76
2026-09-28 19:51,RAD,0.75
2026-09-28 19:52,RAD,0.75
2026-09-28 19:53,RAD,0.75
2026-09-28 19:54,RAD,0.74
2026-09-28 19:55,RAD,0.74
2026-09-28 19:56,RAD,0.73
2026-09-28 19:57,RAD,0.73
2026-09-28 19:58,RAD,0.72
2026-09-28 19:59,RAD,0.72
2026-09-28 20:00,RAD,0.71
2026-09-28 20:01,RAD,0.71
2026-09-28 20:02,RAD,0.71
2026-09-28 20:03,RAD,0.7
2026-09-28 20:04,RAD,0.7
2026-09-28 20:05,RAD,0.7
2026-09-28 20:06,RAD,0.69
2026-09-28 20:07,RAD,0.69
2026-09-28 20:08,RAD,0.69
2026-09-28 20:09,RAD,0.68
2026-09-28 20:10,RAD,0.68
2026-09-28 20:11,RAD,0.68
2026-09-28 20:12,RAD,0.67
2026-09-28 20:13,RAD,0.67
2026-09-28 20:14,RAD,0.66
2026-09-28 20:15,RAD,0.66
2026-09-28 20:16,RAD,0.66
2026-09-28 20:17,RAD,0.65
2026-09-28 20:18,RAD,0.65
2026-09-28 20:19,RAD,0.65
2026-09-28 20:20,RAD,0.64
2026-09-28 20:22,RAD,0.63
2026-09-28 20:23,RAD,0.63
2026-09-28 20:24,RAD,0.63
2026-09-28 20:25,RAD,0.62
2026-09-28 20:26,RAD,0.62
2026-09-28 20:27,RAD,0.62
2026-09-28 20:28,RAD,0.62
2026-09-28 20:29,RAD,0.61
2026-09-28 20:30,RAD,0.61
2026-09-28 20:31,RAD,0.61
2026-09-28 20:32,RAD,0.61
2026-09-28 20:33,RAD,0.6
2026-09-28 20:34,RAD,0.6
2026-09-28 20:35,RAD,0.6
2026-09-28 20:36,RAD,0.59
2026-09-28 20:37,RAD,0.59
2026-09-28 20:38,RAD,0.59
2026-09-28 20:39,RAD,0.58
2026-09-28 20:40,RAD,0.58
2026-09-28 20:41,RAD,0.57
2026-09-28 20:42,RAD,0.57
2026-09-28 20:43,RAD,0.57
2026-09-28 20:44,RAD,0.56
2026-09-28 20:45,RAD,0.56
2026-09-28 20:46,RAD,0.56
2026-09-28 20:47,RAD,0.55
2026-09-28 20:48,RAD,0.55
2026-09-28 20:49,RAD,0.55
2026-09-28 20:50,RAD,0.54
2026-09-28 20:51,RAD,0.54
2026-09-28 20:52,RAD,0.54
2026-09-28 20:53,RAD,0.54
2026-09-28 20:54,RAD,0.54
2026-09-28 20:55,RAD,0.53
2026-09-28 20:56,RAD,0.53
2026-09-28 20:57,RAD,0.53
2026-09-28 20:58,RAD,0.52
2026-09-28 20:59,RAD,0.52
2026-09-28 21:00,RAD,0.52
2026-09-28 21:01,RAD,0.51
2026-09-28 21:02,RAD,0.51
2026-09-28 21:03,RAD,0.51
2026-09-28 21:04,RAD,0.51
2026-09-28 21:05,RAD,0.5
2026-09-28 21:06,RAD,0.5
2026-09-28 21:07,RAD,0.49
2026-09-28 21:08,RAD,0.49
2026-09-28 21:09,RAD,0.49
2026-09-28 21:10,RAD,0.49
2026-09-28 21:11,RAD,0.48
2026-09-28 21:12,RAD,0.48
2026-09-28 21:13,RAD,0.48
2026-09-28 21:14,RAD,0.48
2026-09-28 21:15,RAD,0.47
2026-09-28 21:16,RAD,0.47
2026-09-28 21:17,RAD,0.47
2026-09-28 21:18,RAD,0.47
2026-09-28 21:19,RAD,0.47
2026-09-28 21:20,RAD,0.46
2026-09-28 21:21,RAD,0.46
2026-09-28 21:22,RAD,0.46
2026-09-28 21:23,RAD,0.46
2026-09-28 21:24,RAD,0.46
2026-09-28 21:25,RAD,0.45
2026-09-28 21:26,RAD,0.45
2026-09-28 21:27,RAD,0.45
2026-09-28 21:28,RAD,0.44
2026-09-28 21:29,RAD,0.44
2026-09-28 21:30,RAD,0.44
2026-09-28 21:31,RAD,0.43
2026-09-28 21:32,RAD,0.43
2026-09-28 21:33,RAD,0.43
2026-09-28 21:34,RAD,0.43
2026-09-28 21:35,RAD,0.43
2026-09-28 21:36,RAD,0.42
2026-09-28 21:37,RAD,0.42
2026-09-28 21:38,RAD,0.42
2026-09-28 21:39,RAD,0.42
2026-09-28 21:40,RAD,0.42
2026-09-28 21:41,RAD,0.42
2026-09-28 21:42,RAD,0.41
2026-09-28 21:43,RAD,0.41
2026-09-28 21:44,RAD,0.41
2026-09-28 21:45,RAD,0.41
2026-09-28 21:46,RAD,0.41
2026-09-28 21:47,RAD,0.4
2026-09-28 21:48,RAD,0.4
2026-09-28 21:49,RAD,0.4
2026-09-28 21:50,RAD,0.4
2026-09-28 21:51,RAD,0.4
2026-09-28 21:52,RAD,0.4
2026-09-28 21:53,RAD,0.4
2026-09-28 21:54,RAD,0.4
2026-09-28 21:55,RAD,0.39
2026-09-28 21:56,RAD,0.39
2026-09-28 21:57,RAD,0.39
2026-09-28 21:58,RAD,0.39
2026-09-28 21:59,RAD,0.39
2026-09-28 22:00,RAD,0.39
2026-09-28 22:02,RAD,0.38
2026-09-28 22:03,RAD,0.38
2026-09-28 22:04,RAD,0.38
2026-09-28 22:05,RAD,0.38
2026-09-28 22:06,RAD,0.38
2026-09-28 22:07,RAD,0.38
2026-09-28 22:08,RAD,0.38
2026-09-28 22:09,RAD,0.37
2026-09-28 22:10,RAD,0.37
2026-09-28 22:11,RAD,0.37
2026-09-28 22:12,RAD,0.37
2026-09-28 22:13,RAD,0.37
2026-09-28 22:14,RAD,0.37
2026-09-28 22:15,RAD,0.36
2026-09-28 22:16,RAD,0.36
2026-09-28 22:17,RAD,0.36
2026-09-28 22:18,RAD,0.36
2026-09-28 22:19,RAD,0.35
2026-09-28 22:20,RAD,0.35
2026-09-28 22:22,RAD,0.35
2026-09-28 22:23,RAD,0.35
2026-09-28 22:24,RAD,0.35
2026-09-28 22:25,RAD,0.36
2026-09-28 22:26,RAD,0.36
2026-09-28 22:27,RAD,0.36
2026-09-28 22:28,RAD,0.36
2026-09-28 22:30,RAD,0.36
2026-09-28 22:31,RAD,0.36
2026-09-28 22:32,RAD,0.36
2026-09-28 22:33,RAD,0.36
2026-09-28 22:34,RAD,0.36
2026-09-28 22:35,RAD,0.36
2026-09-28 22:38,RAD,0.36
2026-09-28 22:39,RAD,0.35
2026-09-28 22:40,RAD,0.35
2026-09-28 22:41,RAD,0.35
2026-09-28 22:43,RAD,0.35
2026-09-28 22:44,RAD,0.35
2026-09-28 22:45,RAD,0.36
2026-09-28 22:46,RAD,0.36
2026-09-28 22:47,RAD,0.36
2026-09-28 22:48,RAD,0.36
2026-09-28 22:52,RAD,0.36
2026-09-28 22:53,RAD,0.36
2026-09-28 22:55,RAD,0.36
2026-09-28 22:56,RAD,0.36
2026-09-28 22:58,RAD,0.37
2026-09-28 22:59,RAD,0.37
2026-09-28 23:01,RAD,0.36
2026-09-28 23:02,RAD,0.36
2026-09-28 23:03,RAD,0.36
2026-09-28 23:04,RAD,0.36
2026-09-28 23:05,RAD,0.36
2026-09-28 23:06,RAD,0.36
2026-09-28 23:07,RAD,0.36
2026-09-28 23:08,RAD,0.36
2026-09-28 23:09,RAD,0.36
2026-09-28 23:10,RAD,0.37
2026-09-28 23:11,RAD,0.37
2026-09-28 23:12,RAD,0.37
2026-09-28 23:13,RAD,0.37
2026-09-28 23:14,RAD,0.37
2026-09-28 23:15,RAD,0.37
2026-09-28 23:17,RAD,0.38
2026-09-28 23:18,RAD,0.38
2026-09-28 23:19,RAD,0.38
2026-09-28 23:20,RAD,0.38
2026-09-28 23:21,RAD,0.38
2026-09-28 23:22,RAD,0.38
2026-09-28 23:23,RAD,0.38
2026-09-28 23:24,RAD,0.38
2026-09-28 23:25,RAD,0.39
2026-09-28 23:26,RAD,0.39
2026-09-28 23:27,RAD,0.39
2026-09-28 23:31,RAD,0.39
2026-09-28 23:32,RAD,0.39
2026-09-28 23:33,RAD,0.4
2026-09-28 23:34,RAD,0.4
2026-09-28 23:35,RAD,0.4
2026-09-28 23:36,RAD,0.4
2026-09-28 23:37,RAD,0.4
2026-09-28 23:38,RAD,0.41
2026-09-28 23:39,RAD,0.41
2026-09-28 23:40,RAD,0.41
2026-09-28 23:41,RAD,0.42
2026-09-28 23:42,RAD,0.42
2026-09-28 23:43,RAD,0.42
2026-09-28 23:44,RAD,0.42
2026-09-28 23:45,RAD,0.42
2026-09-28 23:46,RAD,0.43
2026-09-28 23:47,RAD,0.43
2026-09-28 23:48,RAD,0.43
2026-09-28 23:49,RAD,0.43
2026-09-28 23:50,RAD,0.43
2026-09-28 23:51,RAD,0.43
2026-09-28 23:52,RAD,0.43
2026-09-28 23:53,RAD,0.43
2026-09-28 23:54,RAD,0.44
2026-09-28 23:55,RAD,0.44
2026-09-28 23:56,RAD,0.44
